1465
540299
651811
651810
720634
720635
720637
651754
651755
504801
1259412
576507
663105
734049
1284106
1244540
1244541
1244542
1244543
1202121
1202122
1202123
1202124
1202125
1202126
1185723
1185724
1185725
1170948
1336747
1336748
1336749
1336750
1336751
1335861
1335862
1335863
1252545
1252546
1252547
1252548
1252549
1252550
321546
1111117
1174408
1174409
1174410
1174411
1273892
1273893
1273894
1273895
1308541
1308544
1308545
1308546
776384
776385
776386
776387
1265405
1265406
1265407
321548
663106
769611
769612
1170950
1300838
1300839
1300840
1300841
1300842
1308542
1308543
491597
491598
491599
491600
663108
769608
769609
769610
1170949
1292139
1292140
1292141
1292142
1292143
465211
465212
647313
608127
1300947
1300948
1300949
1300950
1300951
407933
465213
465214
635948
635949
635950
635951
635952
635953
635954
635955
635957
1162205
1162206
1162207
1162208
1162209
1162210
1185178
635956
756744
1242126
1242127
1242128
1242129
1322997
1322998
1322999
1323000
1323001
1187274
1187275
1187276
1187277
144480
144499
233953
234417
1206146
1206147
1206148
1206149
1310407
1310408
1310409
1310410
1310411
249983
251313
251314
267787
1161321
1161322
1161323
1161324
1161325
1161326
1185483
1185484
1185485
1185486
1185487
1185488
1185489
1247276
1247277
1247278
1247279
1076716
1076717
1076718
1076719
1076720
1076721
1267538
1267539
1267540
1267541
1335666
1335667
1335668
1335669
1335670
1335671
1335672
346042
526315
1178002
1178003
1178004
1178005
1329376
1329377
1329378
1329379
1329380
1329381
774807
774808
774809
774810
1064215
1064216
1064217
1064218
1064219
1064222
1162264
1162265
1162266
1162267
1162268
1165236
1261133
1261134
1261135
1261136
1261137
549145
549146
549147
549148
549149
1235385
1235386
1235387
1235388
1235389
1235390
1235391
1235392
1235393
1235394
1235395
1235396
1235397
1235398
1235399
1235400
1235401
1235402
1235403
1235404
1235405
1310453
1310454
1310455
321744
1175460
1175461
1175462
1296457
1296459
268847
268848
268849
268850
268851
478214
478215
1162814
1162815
1162816
1162817
1162818
234411
528361
600319
600320
600321
600322
1061795
1061796
1061797
1276751
1276752
1276753
1276754
1276755
144497
215473
215474
503308
503311
617166
1061794
1273896
1273897
1273898
1273899
1277072
1277073
1277074
1277075
1277076
1339174
267889
297626
468142
468143
526312
733317
733740
733741
733742
733743
733744
733745
1090824
1090825
1103508
1111116
1166322
1178006
1178007
1178008
1178009
1178010
1178011
1178012
1178013
1178014
1178015
1326806
1339173
234413
478216
503306
614461
774892
1055300
1143735
1143736
1143737
1161117
1166321
1170952
1326807
1326808
144493
144503
734036
734037
1166323
1166324
1178016
1178017
1178018
1178019
1178020
1178021
1178022
1178023
1178024
1178025
1178026
1178027
1178028
1178029
1178030
1178031
1178032
1178033
1178034
1287161
144494
144504
497352
503304
503305
1055298
1102008
1161116
1166329
1166330
1166331
1166332
1166333
1166334
1170955
1170956
1170957
1170958
1170959
1170960
1170961
1170962
308798
478217
478218
478219
478220
478221
478222
503332
576510
576511
1102003
1102005
1103507
1170953
1170954
1186554
1186555
1186556
1186557
1186559
1186560
1186561
1186562
1186564
1186565
1186566
1186567
1186568
1186569
1186570
1186571
1186572
1186575
1186576
1186577
346043
346047
384215
384216
422946
647314
647315
647316
647317
647318
647319
647320
663109
703755
703757
703758
1055316
1102006
1102007
1163442
1163443
1163444
1163445
1163446
1163447
1163448
1163450
1170963
1170964
1185179
1186574
1190140
1190141
1190142
1190143
1190144
1190145
1190146
1190147
1190148
1190149
1190150
1190151
1277290
1277291
1277292
1277293
1277294
1277295
1310456
1310457
1310458
1310459
1310460
1310461
268356
268357
268358
268359
402061
402062
407934
407935
407936
407937
407938
407939
407940
407941
407942
407943
407944
407945
407946
407947
503318
503333
503334
503335
503336
526316
526318
526319
635962
635963
635964
690557
690558
690563
690564
690567
690568
703747
703748
703750
703751
703752
703753
703754
703759
747200
747201
747202
747203
747204
747205
747206
747207
747208
747209
747210
747211
747212
747213
747214
747215
747216
747217
747218
747219
747220
747221
747222
747223
747224
747225
747226
747227
747228
747229
747230
747231
747232
747233
747234
747235
747236
747237
747238
1055317
1162211
1162212
1162216
1163449
1165437
1165438
1170968
1303234
1303290
1335864
1339175
1339176
288486
288487
288488
288489
288490
288491
321547
383659
383660
383661
384227
427711
468144
576508
576509
635958
635959
635960
635961
635965
635966
635967
636042
636043
636044
636045
636046
636047
636048
636049
636050
636051
636053
636055
636057
663110
663111
663112
690555
690556
703756
727884
738398
738399
738400
738401
738402
738403
738404
738405
738406
738407
738408
738409
738411
738412
738672
738673
744654
744655
744656
744657
744658
1055297
1102004
1165429
1165477
1170965
1170967
1339177
144492
288485
294658
321749
491813
491814
491815
491816
491817
491822
503307
503313
656945
656946
656949
656950
663107
701776
701777
701778
701779
701780
701783
701784
701785
703749
744659
744660
744661
744662
744663
744664
744665
744666
744667
744668
744669
754331
754332
754333
754334
754335
754336
754337
754338
754339
754340
754341
754342
754344
754347
754348
754353
1057246
1063106
1099776
1161119
1165235
1165238
1165430
1170951
1308540
1308555
1308556
1308557
1308558
1308559
1308560
1308561
1308562
1310462
1310463
1310464
1310465
1310466
1310467
1310468
1310469
1310470
1310471
1310472
1310473
1310474
1310475
1310476
1310477
1310478
1310479
1310480
1310481
1310482
1310483
1310484
1310485
1310486
1310487
1310488
1339178
144498
268852
268853
268854
268855
268856
268857
351663
351664
351671
395918
395919
395927
395928
395929
396118
396119
396120
468147
502264
502265
502266
502267
503296
503297
503325
526310
526311
549150
636052
656947
656948
679133
679134
690561
690562
701561
701562
701563
701564
701565
701745
701746
701747
701748
701749
701750
701751
701752
701753
701754
701755
701756
701757
701758
701759
701760
701761
701762
701763
701764
701765
701766
754324
754325
754326
754327
754328
754329
754330
769559
769562
769563
769564
769568
769569
769570
769571
769572
769573
769575
769577
769578
769579
769581
769582
769583
769584
769586
769587
769592
769593
769594
769595
769596
769597
769598
769599
769600
769601
769602
769606
769607
1055302
1055313
1063109
1090673
1162829
1165440
1165442
1165443
1165444
1165445
1165446
1165448
1165451
1165452
1165455
1165457
1165458
1165459
1165460
1165461
1165462
1165463
1165464
1165465
1165466
1165467
1165468
1165469
1165470
1165471
1165472
1165473
1165474
1165475
1165476
1170972
1170973
1170974
1170975
1170976
1170977
1186563
1186573
1261138
1267536
1267537
1267542
1267543
1267544
1277272
1277273
1277274
1277275
1303235
1326809
1326810
1326811
1326812
1326813
1326814
1326815
1326816
1326817
1326822
1326828
1326829
1336762
1336763
1336775
1336776
1336779
1339179
54285
268858
268859
268860
346045
346052
351659
351860
383662
383663
383664
383665
383666
383667
383668
383669
383670
411096
411106
411107
422949
458856
491807
491821
491823
491824
500487
503294
503299
503300
503301
503302
503303
503310
503314
503321
503323
503324
513917
513934
521058
526313
526314
600323
608126
608128
614462
614463
614464
614465
614466
624062
624068
636054
690559
690566
701559
701767
701768
701769
701770
701771
701772
701773
701774
701775
701787
701789
701790
701791
701793
726451
726456
726466
726467
733271
733272
733273
733275
733276
733277
733278
733279
733280
733281
733282
733284
733285
733286
733287
733289
733290
733291
733292
733294
733295
733296
733297
733299
733300
733301
733302
733303
733304
733305
733306
733307
733308
733310
733311
733312
733313
733314
734033
734034
734035
738410
745779
745780
745781
745783
745784
745785
745786
745787
745788
745789
745790
745791
745792
745793
745794
745795
745796
745797
745798
745799
745800
745801
745803
745804
745805
769557
769558
769560
769605
769613
774893
777314
777318
777319
777320
777321
777324
777325
777326
1055301
1055303
1055306
1055308
1055319
1055320
1063112
1063117
1064556
1064560
1064570
1064571
1064574
1064575
1090816
1090818
1103766
1103767
1103768
1103769
1103770
1103771
1103772
1103773
1103774
1103775
1103776
1103777
1103778
1103779
1103780
1103781
1103782
1103783
1103784
1103785
1103786
1162217
1162218
1162219
1162220
1162226
1162227
1162819
1162821
1162823
1162825
1162827
1162828
1162830
1162837
1165245
1165432
1165434
1165435
1165436
1165441
1165447
1165456
1206150
1206151
1206152
1206153
1206155
1206156
1206157
1206158
1206160
1206161
1206172
1206173
1206174
1206175
1206176
1206177
1206178
1206179
1206180
1206184
1206193
1206206
1206207
1244544
1244545
1244546
1244547
1244548
1244549
1244550
1244551
1244552
1244553
1244554
1244555
1244556
1244557
1244558
1244559
1244560
1244561
1244562
1244563
1244564
1244565
1252541
1252542
1252551
1252553
1252555
1252557
1252559
1252561
1252562
1252567
1252569
1252571
1252573
1258519
1263226
1265414
1265415
1265416
1265417
1265418
1265422
1265424
1265425
1265426
1265432
1265456
1296462
1296463
1300837
1300843
1300844
1300845
1300846
1300847
1300848
1300849
1303292
1308612
1323002
1323003
1323004
1323005
1323006
1323007
1323008
1323009
1323010
1323011
1323012
1323013
1323014
1323015
1323016
1323017
1323018
1323019
1323020
1323021
1323022
1323023
1323024
1323025
1323026
1323027
1323028
1323029
1323030
1323031
1323032
1323033
1323034
1323035
1323036
1323037
1323038
1323039
1323040
1323041
1323042
1323043
1323044
1323045
1323046
1323047
1323048
1323049
1323050
1323051
1323052
1323053
1323054
1323055
1323056
1323057
1323058
1323059
1323060
1323061
1323065
1329426
1336752
1336753
1336754
1336755
1336756
1336757
1336759
1336760
1336761
1336764
1336766
1336767
1336768
1336769
1339180
1339181
1339185
1339186
1339187
1339188
144495
144502
220763
249842
249843
249844
249845
249846
249847
249848
249849
249850
249851
249852
249853
267788
321745
321746
321747
330892
340563
344463
346044
346048
346049
346050
346051
346053
351665
351668
351676
384214
384217
384218
384219
384220
384221
384222
384223
384224
384225
384226
384229
384230
384231
384232
384233
384236
384237
384238
384239
384240
395920
395921
468145
468148
468149
468150
468151
468217
491601
491602
491603
491604
491605
491606
491607
491608
491609
491610
491809
491810
491811
491812
491818
491819
491820
500468
500469
500470
500483
500484
500488
500493
500495
500496
500498
500715
503293
503309
503315
503316
503320
503326
503327
503328
503329
503330
503331
503340
503341
513919
513920
513929
513933
513935
521056
526317
528362
528363
528364
528365
528366
528367
528368
528369
528370
528371
528372
528373
528374
528375
528376
528377
549151
549190
549191
568640
584630
584631
584632
584633
608117
608121
608122
608123
608124
608125
608181
608198
617167
617168
617169
617170
617171
617172
617173
617174
617175
617176
617177
617178
617179
617180
617181
617182
617183
617184
617185
617186
627147
627148
627149
627150
627151
627152
627153
627154
627155
627156
627157
627158
627159
627216
627217
627218
627219
627220
627221
627224
627225
627226
627230
627231
627232
701558
701560
701781
701786
701788
713370
713371
713373
713375
713378
713379
713382
713383
726454
726455
726457
726460
726461
726465
733316
734047
734048
745778
745782
745802
754349
754350
754351
769566
769567
769585
769589
769590
769591
774790
774791
774792
775939
775940
775941
775942
775943
775944
777315
777323
1055299
1055318
1055321
1057214
1057215
1057216
1057217
1057230
1057231
1057232
1057236
1057237
1057238
1057239
1057240
1057241
1057242
1057243
1057244
1057245
1063105
1063107
1063110
1063115
1064210
1064557
1064558
1064559
1064568
1064569
1064572
1064573
1064576
1064577
1064578
1077900
1090425
1090426
1090427
1090428
1090429
1090430
1090431
1090432
1090433
1090434
1090435
1090439
1090440
1090441
1090442
1090443
1090444
1090445
1090446
1090447
1090448
1090453
1090459
1090460
1090463
1090821
1090822
1090823
1103750
1103751
1103752
1103753
1103754
1103755
1103756
1103757
1103758
1103759
1103760
1103761
1103762
1103763
1103764
1103765
1121573
1154406
1161115
1161120
1161121
1162221
1162222
1162223
1162224
1162228
1162229
1162820
1162822
1162824
1162826
1162831
1162832
1162833
1162834
1162835
1162836
1162838
1165237
1165239
1165240
1165241
1165242
1165243
1165244
1165246
1165252
1165253
1165431
1165433
1165453
1170966
1170969
1170971
1175463
1175465
1175467
1175469
1175471
1175472
1175473
1175477
1175479
1175481
1175483
1175486
1175487
1175488
1175489
1178035
1178036
1178037
1178038
1178039
1178040
1178041
1178042
1178043
1178044
1178045
1178046
1178047
1178048
1178049
1178050
1178051
1178052
1178053
1178054
1178055
1178056
1178057
1178058
1178059
1178060
1185490
1185491
1185492
1185493
1185506
1185726
1185727
1186558
1190161
1190162
1206154
1206159
1206162
1206164
1206166
1206168
1206170
1206181
1206182
1206183
1206185
1206186
1206187
1206191
1206194
1206196
1206198
1206200
1206202
1206204
1235407
1242125
1242130
1242131
1242132
1242133
1242134
1242135
1242136
1242137
1242138
1242139
1242140
1242141
1242142
1242143
1242144
1242145
1242146
1242147
1242148
1242149
1242150
1242151
1242152
1242153
1247280
1247281
1247282
1247283
1247292
1247293
1247294
1247300
1247301
1252544
1252552
1252554
1252556
1252558
1252560
1252563
1252564
1252565
1252566
1252568
1252570
1252572
1252574
1252575
1261139
1263225
1265460
1265466
1265467
1267546
1276021
1277263
1277264
1277265
1277266
1277267
1277268
1277269
1277270
1277271
1277276
1277277
1277278
1277279
1277280
1277281
1277282
1277283
1277284
1277285
1277286
1277296
1277297
1279654
1279655
1287164
1287165
1287166
1292136
1292137
1292138
1292144
1292145
1292146
1292147
1292148
1292149
1292150
1292151
1292152
1292153
1292154
1292155
1292156
1292157
1292158
1292159
1292160
1292161
1296465
1296466
1296469
1303237
1303238
1303239
1303240
1303241
1303242
1303243
1303244
1303245
1303246
1303247
1303248
1303249
1303250
1303251
1306295
1306296
1306297
1306298
1306299
1306300
1306301
1306302
1306303
1306304
1306305
1306306
1306307
1306308
1306309
1306310
1306311
1306312
1306313
1306314
1308538
1308539
1308605
1308606
1308607
1308608
1308609
1308610
1308611
1308613
1310489
1310490
1310491
1310492
1310493
1310494
1310495
1310496
1310497
1310498
1310499
1310500
1310501
1310502
1310503
1310504
1310505
1310506
1310507
1310508
1310509
1326825
1326826
1326827
1336758
1336765
1336770
1336771
1336772
1336773
1336774
1336777
1336778
1336780
1336781
1339182
1339183
1339184
144500
234412
234414
251309
251310
251311
251312
267789
267790
267791
267792
267793
267794
267795
267796
267797
267798
283384
283385
283386
283387
283388
283389
285943
285944
285945
285946
285947
285948
285949
285950
285951
285952
285953
285954
285955
285956
297627
297628
297629
297630
297631
297632
297633
297634
297635
297636
297637
297638
297639
297640
297641
297642
297643
297644
300129
300130
300131
300132
300133
300134
300135
300136
300137
300138
300139
300140
300141
300142
300143
300144
300145
308799
308800
308801
308802
308803
308804
308805
308806
308807
308808
308809
308810
308811
308812
308813
308814
308815
308816
308817
308818
308819
308820
308821
308822
321748
322883
322884
322885
322886
322887
322888
322889
322890
322891
322892
322893
322894
322895
322896
322897
322898
322899
322900
322901
322902
322903
322904
330887
330888
330889
330890
330891
340561
340562
340564
340565
340566
340567
340568
340569
340570
340571
340572
340573
340574
340575
340576
340577
340578
340579
340580
340581
340582
340583
340584
340585
340586
340587
340588
344464
344465
344466
344467
346046
346054
346055
346056
346057
346058
351657
351658
351660
351661
351662
351666
351667
351669
351670
351672
351673
351674
351675
351859
383718
383719
383720
383721
383722
383723
383724
383725
383726
383727
383728
383729
383730
383731
383732
383733
383734
383735
383736
383941
383942
383943
383944
383945
383946
383947
383948
383949
383950
383951
384228
384234
384235
395922
395923
395924
395925
395926
396121
396122
396123
396124
396125
396126
405704
405705
405706
405707
405708
405709
405710
405711
405712
405713
405714
405715
405716
405717
405718
405719
405720
405721
405722
405723
405724
405725
405726
405727
405728
405729
405730
405731
405732
405733
405734
405735
405736
405737
405738
405739
405740
405741
405742
405743
405744
405745
405746
405747
405748
405749
405750
405751
405752
405753
405754
405755
405756
405757
405758
411097
411098
411099
411100
411101
411102
411103
411104
411105
422945
422947
422948
457548
457549
457550
457551
457552
457553
457554
457800
457801
457802
457803
457804
457805
457806
457807
457808
457809
457810
457811
457812
457813
457814
457815
457816
457817
457818
457819
457820
457821
457822
457823
457824
457825
457826
457827
457828
457829
457830
457831
457832
457833
457834
457835
457836
457837
457838
457839
457840
457841
457842
457843
457844
457845
457846
457847
457848
457849
457850
457851
457852
457853
457854
457855
457856
457857
457858
457859
457860
457861
457862
457863
457864
457865
458857
458858
458859
458860
468146
468216
468218
468219
468220
468221
468222
468223
468224
468225
468226
468227
468228
468229
468230
468231
468232
468233
468234
468235
468459
468784
468785
468786
468787
468788
468789
468790
468791
468792
468793
468794
468795
468796
468797
468798
468799
468800
468801
468802
468803
468804
486652
486653
486654
486655
486656
486657
486658
486659
486660
486661
486662
486663
486664
486665
486666
486667
486668
486669
486670
486835
486836
486837
486838
486839
486840
486841
486842
486843
486844
486845
486846
486847
486848
486849
486850
486851
486852
486853
486854
486855
486856
486857
486858
486859
486860
486861
486862
486863
486864
486865
486866
486867
487346
491808
497349
497350
497351
497353
497354
497355
497356
497357
497358
497359
497360
497361
500471
500472
500473
500474
500475
500476
500477
500478
500479
500480
500481
500482
500485
500486
500489
500490
500491
500492
500494
500499
500500
500501
500502
500503
500504
500505
500506
500507
500508
500509
500510
500511
500512
500513
500514
500515
503292
503295
503298
503312
503317
503319
503322
503337
503338
503339
513916
513918
513921
513922
513923
513924
513925
513926
513927
513928
513930
513931
513932
513936
513937
521046
521047
521048
521049
521050
521051
521052
521053
521054
521055
521057
521059
521060
521061
521062
521063
521064
527880
527881
527882
527883
527884
527885
527886
527887
527888
527889
527890
527891
527892
527893
527894
527895
527896
527897
527898
527899
527900
527901
527902
527903
527904
527905
527906
527907
527908
527909
527910
528378
528379
528380
528381
528382
528383
528384
528385
549152
549153
549154
549155
549156
549157
549158
549159
549160
549161
549162
549163
549164
549165
549166
549167
549168
549169
549170
549171
549172
549173
549174
549175
549176
549177
549178
549179
549180
549181
549182
549183
549184
549185
549186
549187
549188
549189
568635
568636
568637
568638
568639
568641
568642
568643
568644
568645
568646
568647
568648
584603
584604
584605
584606
584607
584608
584609
584610
584611
584612
584613
584614
584615
584616
584617
584618
584619
584620
584621
584622
584623
584624
584625
584626
584627
584628
584629
584634
584635
584636
584637
584638
584639
584640
584641
584801
584802
584803
584804
584805
584806
584807
584808
584809
584810
584811
584812
584813
584814
584815
584816
584817
584818
584819
600310
600311
600312
600313
600314
600315
600316
600317
600318
600324
608118
608119
608120
608129
608130
608131
608132
608182
608183
608184
608185
608186
608187
608188
608189
608190
608191
608192
608193
608194
608195
608196
608197
608199
608200
608201
617249
627222
627223
627227
627228
627229
627233
627234
627235
627236
627237
627238
627239
627240
627241
627294
627295
627296
627297
627298
627299
627300
627301
627302
627303
627304
627305
627306
627307
627308
627309
627310
627311
636056
636058
636059
636060
636061
636062
636063
636064
645787
645788
645789
645790
645791
645792
645793
645794
645795
645796
645797
645798
645799
645800
645801
645802
645803
645804
645805
645806
645807
645808
645809
645810
645811
645812
645813
645814
645815
645816
645817
645818
645819
645820
645821
645965
645966
645967
645968
645969
645970
645971
645972
645973
645974
645975
645976
645977
645978
645979
645980
645981
645982
645983
645984
645985
645986
645987
645988
645989
645990
645991
645992
647312
647321
647322
647323
647324
647325
647326
647327
647328
647329
647330
647331
647332
647333
647334
647335
647336
647337
647338
647339
647340
647341
647342
647343
647344
647345
647346
647347
647475
647476
647477
647478
647479
647480
647481
647482
647483
647484
647485
647486
647487
647488
647489
647490
656943
656944
656951
656952
656953
656954
663113
663114
663115
663116
663117
675243
675244
675245
675246
675247
675248
675249
675250
690560
690565
690569
690570
700540
700541
700542
700543
700544
700545
700546
700547
700548
700549
700550
700551
700552
700553
700554
700555
700556
700865
700866
700867
700868
700869
700870
700871
700872
700873
700874
700875
700876
700877
700878
700879
700880
700881
700882
700883
701782
701792
712881
713113
713114
713115
713116
713117
713118
713119
713120
713121
713122
713123
713124
713125
713126
713127
713128
713129
713130
713131
713132
713133
713134
713135
713136
713137
713138
713139
713140
713141
713142
713143
713144
713145
713146
713147
713148
713363
713364
713365
713366
713367
713368
713369
713372
713374
713376
713377
713380
713381
713384
713385
713386
713387
713388
713389
713390
713391
713392
713393
713394
713395
713396
713397
713398
713399
713400
713401
713402
713403
713404
713405
713406
713407
713408
713409
713410
713411
713412
713413
713414
713415
713416
713417
713418
713645
713646
713647
713648
713649
713650
713651
713652
713653
713654
713655
713656
713657
713658
713659
713660
713661
713662
713663
713664
713665
713666
713667
713668
713669
713670
713671
713672
713673
713674
713675
713676
713677
713678
713679
713680
713681
713682
713683
713684
713685
713686
713687
713688
716381
716382
716383
716384
716385
716386
716387
716388
716389
716390
716391
716392
716393
716394
716395
716396
716397
716398
726452
726453
726458
726459
726462
726463
726464
733274
733283
733288
733293
733298
733309
733315
733620
733621
733622
734021
734022
734023
734024
734025
734026
734027
734028
734029
734030
734031
734032
734038
734039
734040
734041
734042
734043
734044
734045
734046
752522
752523
752524
752525
752526
752527
752528
752529
752530
752531
752532
752533
752534
752535
752536
752537
752538
752539
752540
752541
752542
752543
752544
752545
752546
752547
752548
752549
752550
752551
752552
752553
752554
752555
752556
752557
752558
752559
752560
752561
752562
752563
752564
752565
752566
752567
752568
752569
752570
752571
752572
752573
752574
752575
752576
752577
752578
752579
752580
752581
752582
752583
752584
752585
752586
752587
752588
752589
752590
752850
752851
752852
752853
752854
752855
752856
752857
752858
752859
752860
752861
752862
752863
754318
754319
754320
754321
754322
754323
754343
754345
754346
754352
756723
756724
756725
756726
756727
756728
756729
756730
756731
756732
756733
756734
756735
756736
756737
756738
756739
756740
756741
756742
756743
756745
756746
769554
769555
769556
769561
769565
769574
769576
769580
769588
769603
769604
774793
774794
774795
774796
774797
774798
774799
774800
774801
774802
774803
774804
774805
774806
774811
774812
775862
775863
775864
775865
775866
775867
775868
775869
775870
775871
775872
775873
775874
775875
775876
775877
775878
775879
775880
775881
775882
775883
775884
775885
775886
775887
775888
775889
775890
775891
775892
775893
775894
775895
775896
775897
775898
775899
775900
775901
775902
775903
775904
775905
775906
775907
775908
775909
775910
775911
775912
775913
775914
775915
775916
775917
775918
775919
775920
775921
775922
775923
775924
775925
775926
775927
775928
775929
775930
775931
775932
775933
775934
775935
775936
775937
775938
776371
776372
776373
776374
776375
776376
776377
776378
776379
776380
776381
776382
776383
777306
777307
777308
777309
777310
777311
777312
777313
777316
777317
777322
1055296
1055304
1055305
1055307
1055309
1055310
1055311
1055312
1055314
1055315
1055322
1057201
1057202
1057203
1057204
1057205
1057206
1057207
1057208
1057209
1057210
1057211
1057212
1057213
1057218
1057219
1057220
1057221
1057222
1057223
1057224
1057225
1057226
1057227
1057228
1057229
1057233
1057234
1057235
1061777
1061778
1061779
1061780
1061781
1061782
1061783
1061784
1061785
1061786
1061787
1061788
1061789
1061790
1061791
1061792
1061793
1063060
1063061
1063062
1063063
1063064
1063065
1063066
1063067
1063068
1063069
1063070
1063071
1063072
1063073
1063074
1063075
1063076
1063077
1063078
1063079
1063080
1063081
1063082
1063083
1063084
1063085
1063086
1063087
1063088
1063089
1063090
1063091
1063092
1063093
1063094
1063095
1063096
1063097
1063098
1063099
1063100
1063101
1063102
1063103
1063104
1063108
1063111
1063113
1063114
1063116
1064202
1064203
1064204
1064205
1064206
1064207
1064208
1064209
1064211
1064212
1064213
1064214
1064220
1064221
1064223
1064224
1064225
1064226
1064227
1064228
1064229
1064230
1064231
1064232
1064233
1064555
1064561
1064562
1064563
1064564
1064565
1064566
1064567
1076701
1076702
1076703
1076704
1076705
1076706
1076707
1076708
1076709
1076710
1076711
1076712
1076713
1076714
1076715
1090421
1090422
1090423
1090424
1090436
1090437
1090438
1090449
1090450
1090451
1090452
1090454
1090455
1090456
1090457
1090458
1090461
1090462
1090464
1090648
1090649
1090650
1090651
1090652
1090653
1090654
1090655
1090656
1090657
1090658
1090659
1090660
1090661
1090662
1090663
1090664
1090665
1090666
1090667
1090668
1090669
1090670
1090671
1090672
1090674
1090817
1090819
1090820
1099777
1103506
1103744
1103745
1103746
1103747
1103748
1103749
1121572
1121613
1121614
1121615
1121616
1121617
1121618
1121619
1121620
1121621
1129852
1129853
1129854
1129855
1129856
1129857
1129858
1129859
1129860
1129861
1129862
1129863
1129864
1129865
1129866
1129867
1129868
1129869
1129870
1129871
1129872
1129873
1129874
1129875
1129876
1138465
1138466
1138467
1138468
1138469
1138470
1138471
1138472
1138473
1138474
1138475
1138476
1138477
1138478
1138479
1138480
1138481
1138482
1138483
1138484
1138485
1138486
1138487
1138488
1138489
1138490
1138491
1138492
1138493
1138494
1138495
1138496
1138497
1138498
1138499
1138500
1138501
1138502
1138503
1138504
1143738
1143739
1143740
1143741
1143742
1154407
1154408
1154409
1154410
1154411
1154412
1154413
1154414
1154415
1154416
1154417
1154418
1154419
1154420
1154421
1154422
1154423
1154424
1154425
1154426
1154427
1154428
1154429
1154430
1154431
1154432
1154433
1154434
1154435
1154436
1154437
1154438
1154439
1154440
1161118
1161122
1161123
1161327
1161328
1161329
1161330
1161331
1161332
1161333
1161334
1161335
1161336
1161337
1161338
1161339
1161340
1161341
1161342
1161343
1161344
1161345
1161346
1161347
1161348
1161349
1161350
1162213
1162214
1162215
1162225
1162269
1162270
1162271
1162272
1162273
1162274
1162275
1162276
1162277
1163451
1163452
1163453
1163454
1163455
1163456
1163457
1163458
1163459
1163460
1163461
1163462
1163463
1163464
1163465
1163466
1163467
1163468
1163469
1163470
1163471
1163472
1163473
1163474
1163475
1163476
1163477
1163478
1163479
1163480
1163481
1163482
1163483
1163484
1163485
1163486
1163487
1163488
1163489
1163490
1163491
1163492
1163493
1165247
1165248
1165249
1165250
1165251
1165254
1165439
1165449
1165450
1165454
1165478
1165479
1165480
1165481
1165482
1165483
1165484
1165485
1165486
1165487
1165488
1165489
1165490
1165491
1165492
1165493
1165494
1165495
1165496
1165497
1165498
1165499
1165500
1165501
1165502
1165503
1165504
1165505
1165506
1165507
1165508
1165509
1165510
1165511
1165512
1165513
1165514
1165515
1165516
1165517
1165518
1165519
1165520
1165521
1165522
1165523
1165524
1165525
1165526
1165527
1165528
1165529
1165530
1165531
1165532
1165533
1165534
1165535
1165536
1165537
1165538
1166320
1166325
1166326
1166327
1166328
1170970
1170978
1170979
1170980
1170981
1170982
1170983
1174412
1174413
1174414
1174415
1174416
1174417
1174418
1174419
1174420
1174421
1174422
1174423
1174424
1174425
1174426
1174427
1174428
1174429
1174430
1174431
1174432
1174433
1174434
1174435
1174436
1174437
1174438
1174439
1174440
1174441
1174442
1175464
1175466
1175468
1175470
1175474
1175475
1175476
1175478
1175480
1175482
1175484
1175485
1175490
1175491
1175492
1175493
1185494
1185495
1185496
1185497
1185498
1185499
1185500
1185501
1185502
1185503
1185504
1185505
1185507
1185508
1185509
1185510
1185722
1185728
1185729
1185730
1185731
1185732
1185733
1185734
1185735
1185736
1185737
1185738
1185739
1185740
1185741
1185742
1185743
1185744
1187278
1187279
1187280
1187281
1187282
1187283
1187284
1187285
1187286
1187287
1190152
1190153
1190154
1190155
1190156
1190157
1190158
1190159
1190160
1190163
1190164
1190165
1190166
1190167
1190168
1190169
1190170
1190171
1190172
1202127
1202128
1202129
1202130
1202131
1202132
1202133
1202134
1202135
1202136
1202137
1202138
1202139
1202140
1202141
1202142
1202143
1202144
1202145
1202146
1202147
1202148
1202149
1202150
1202151
1202152
1202153
1202154
1202155
1202156
1202157
1202158
1202159
1202160
1202161
1202162
1202163
1202164
1202165
1202166
1202167
1202168
1202169
1206163
1206165
1206167
1206169
1206171
1206188
1206189
1206190
1206192
1206195
1206197
1206199
1206201
1206203
1206205
1206208
1206209
1206210
1206211
1206212
1206213
1227312
1227313
1227314
1227315
1227316
1227317
1227324
1227326
1228051
1228052
1228053
1228054
1228055
1228056
1228057
1228058
1228059
1228060
1228061
1228062
1228063
1228064
1228065
1228066
1228067
1228068
1228069
1228070
1228071
1228072
1228073
1228074
1228075
1235406
1235408
1235409
1235410
1235411
1235412
1235413
1235414
1235415
1235416
1235417
1235418
1235419
1235420
1235421
1235422
1235423
1235424
1235425
1235426
1235427
1235428
1247284
1247285
1247286
1247287
1247288
1247289
1247290
1247291
1247295
1247296
1247297
1247298
1247299
1252543
1254591
1254592
1254593
1261131
1261132
1261140
1261141
1261142
1261143
1261144
1261145
1261146
1261147
1261148
1261149
1261150
1261151
1261152
1261153
1261154
1261155
1261156
1261157
1261158
1261159
1261160
1261161
1261162
1261163
1261164
1261165
1261166
1261167
1261168
1261169
1261170
1261171
1261172
1261173
1263361
1265408
1265409
1265410
1265411
1265412
1265413
1265419
1265420
1265421
1265423
1265427
1265428
1265429
1265430
1265431
1265433
1265434
1265435
1265436
1265437
1265438
1265439
1265440
1265441
1265442
1265443
1265444
1265445
1265446
1265447
1265448
1265449
1265450
1265451
1265452
1265453
1265454
1265455
1265457
1265458
1265459
1265461
1265462
1265463
1265464
1265465
1267545
1267547
1267548
1267549
1267550
1267551
1273900
1273901
1273902
1273903
1273904
1273905
1273906
1273907
1273908
1273909
1273910
1273911
1273912
1273913
1273914
1273915
1273916
1273917
1273918
1273919
1273920
1273921
1273922
1273923
1273924
1276307
1276308
1276309
1276310
1276311
1276312
1276313
1276314
1276315
1276316
1276317
1276318
1276319
1276320
1276321
1276322
1276323
1276324
1276325
1276326
1276327
1276328
1276756
1276757
1276758
1276759
1276760
1276761
1276762
1276763
1276764
1276765
1276766
1276767
1276768
1276769
1276770
1276771
1276772
1276773
1276774
1276775
1276776
1277077
1277078
1277079
1277080
1277081
1277082
1277083
1277084
1277085
1277086
1277087
1277088
1277089
1277090
1277091
1277092
1277093
1277094
1277095
1277096
1277097
1277098
1277099
1277100
1277101
1277102
1277103
1277104
1277105
1277106
1277107
1277108
1277109
1277110
1277111
1277112
1277113
1277114
1277115
1277116
1277117
1277118
1277119
1277120
1277121
1277122
1277123
1277124
1277125
1277126
1277127
1277128
1277129
1277130
1277131
1277132
1277133
1277134
1277287
1277288
1277289
1279650
1279651
1279652
1284107
1284108
1284109
1284110
1284111
1284112
1284113
1284114
1284115
1284116
1284117
1284118
1284119
1284120
1284121
1284122
1284123
1284124
1284125
1284126
1284127
1284128
1284129
1284130
1284131
1284132
1284133
1287162
1287163
1287167
1287168
1287169
1287170
1287171
1287172
1287173
1287174
1287175
1287176
1287177
1287178
1287179
1287180
1287181
1287182
1287183
1287184
1287185
1287186
1287187
1287188
1287189
1287190
1287191
1287192
1287193
1287194
1287195
1287196
1287197
1287198
1287199
1287200
1287201
1287202
1295517
1296458
1296460
1296461
1296464
1296467
1296468
1296470
1300952
1300953
1300954
1300955
1300956
1300957
1300958
1300959
1300960
1300961
1300962
1300963
1300964
1300965
1300966
1300967
1300968
1300969
1300970
1300971
1300972
1300973
1300974
1300975
1300976
1300977
1300978
1300979
1300980
1300981
1300982
1300983
1300984
1300985
1300986
1300987
1303236
1303252
1303253
1303254
1303255
1303256
1303257
1303258
1303259
1303260
1303261
1303262
1303263
1303264
1303265
1303266
1303267
1303268
1303269
1303270
1303271
1303272
1303273
1303274
1303275
1303276
1303277
1303278
1303279
1303280
1303281
1303282
1303283
1303284
1303285
1303286
1303287
1303288
1303289
1303291
1307580
1307581
1307582
1307585
1308536
1308537
1308547
1308548
1308549
1308550
1308551
1308552
1308553
1308554
1308563
1308564
1308565
1308566
1308567
1308568
1308569
1308570
1308571
1308572
1308573
1308574
1308575
1308576
1308577
1308578
1308579
1308580
1308581
1308582
1308583
1308584
1308585
1308586
1308587
1308588
1308589
1308590
1308591
1308592
1308593
1308594
1308595
1308596
1308597
1308598
1308599
1308600
1308601
1308602
1308603
1308604
1308614
1310412
1310413
1310414
1310415
1310416
1310417
1310418
1310419
1310420
1310421
1310422
1310423
1310424
1310425
1310426
1310427
1310428
1310429
1310430
1310431
1310432
1310433
1310434
1310435
1310436
1310437
1310438
1310439
1310440
1310441
1310442
1310443
1310444
1310445
1310446
1310447
1310448
1310449
1310450
1310451
1310452
1319560
1319561
1319562
1319563
1319564
1319565
1319566
1319567
1319568
1319569
1319570
1319571
1319572
1319573
1319574
1319575
1319576
1319577
1319578
1319579
1319580
1319581
1319582
1319583
1319584
1319585
1319586
1319587
1319588
1319589
1319590
1319591
1319592
1319593
1319594
1319595
1319596
1319597
1319598
1322996
1323062
1323063
1323064
1323066
1323067
1323068
1323069
1323070
1323071
1323072
1323073
1323074
1323075
1323076
1326818
1326819
1326820
1326821
1326823
1326824
1326830
1326831
1326832
1326833
1329374
1329375
1329382
1329383
1329384
1329385
1329386
1329387
1329388
1329389
1329390
1329391
1329392
1329393
1329394
1329395
1329396
1329397
1329398
1329399
1329400
1329401
1329402
1329403
1329404
1329405
1329406
1329407
1329408
1329409
1329410
1329411
1329412
1329413
1329414
1329415
1329416
1329417
1329418
1329419
1329420
1329421
1329422
1329423
1329424
1329425
1335673
1335674
1335675
1335676
1335677
1335678
1335679
1335680
1335681
1335682
1335683
1335684
1335685
1335686
1335687
1335688
1335689
1335690
1335691
1335692
1335693
1335694
1335695
1335696
1335697
1335698
1335699
1335700
1335701
1335702
1335703
1335704
1335705
1335706
1335707
1335708
1335709
1335710
1335711
1335865
1335866
1335867
1335868
1335869
1335870
1335871
1335872
1335873
1335874
1335875
1335876
1335877
1335878
1335879
1335880
1335881
1335882
588528
