1055297
1055298
1055299
1055300
1055301
1055302
1055303
1055306
1055308
1055313
1055316
1055317
1055318
1055319
1055320
1055321
1057214
1057215
1057216
1057217
1057230
1057231
1057232
1057236
1057237
1057238
1057239
1057240
1057241
1057242
1057243
1057244
1057245
1057246
1061794
1061795
1061796
1061797
1063105
1063106
1063107
1063109
1063110
1063112
1063115
1063117
1064210
1064215
1064216
1064217
1064218
1064219
1064222
1064556
1064557
1064558
1064559
1064560
1064568
1064569
1064570
1064571
1064572
1064573
1064574
1064575
1064576
1064577
1064578
1076716
1076717
1076718
1076719
1076720
1076721
1077900
1090425
1090426
1090427
1090428
1090429
1090430
1090431
1090432
1090433
1090434
1090435
1090439
1090440
1090441
1090442
1090443
1090444
1090445
1090446
1090447
1090448
1090453
1090459
1090460
1090463
1090673
1090816
1090818
1090821
1090822
1090823
1090824
1090825
1099776
1102003
1102004
1102005
1102006
1102007
1102008
1103507
1103508
1103750
1103751
1103752
1103753
1103754
1103755
1103756
1103757
1103758
1103759
1103760
1103761
1103762
1103763
1103764
1103765
1103766
1103767
1103768
1103769
1103770
1103771
1103772
1103773
1103774
1103775
1103776
1103777
1103778
1103779
1103780
1103781
1103782
1103783
1103784
1103785
1103786
1111116
1111117
1121573
1143735
1143736
1143737
1154406
1161115
1161116
1161117
1161119
1161120
1161121
1161321
1161322
1161323
1161324
1161325
1161326
1162205
1162206
1162207
1162208
1162209
1162210
1162211
1162212
1162216
1162217
1162218
1162219
1162220
1162221
1162222
1162223
1162224
1162226
1162227
1162228
1162229
1162264
1162265
1162266
1162267
1162268
1162814
1162815
1162816
1162817
1162818
1162819
1162820
1162821
1162822
1162823
1162824
1162825
1162826
1162827
1162828
1162829
1162830
1162831
1162832
1162833
1162834
1162835
1162836
1162837
1162838
1163442
1163443
1163444
1163445
1163446
1163447
1163448
1163449
1163450
1165235
1165236
1165237
1165238
1165239
1165240
1165241
1165242
1165243
1165244
1165245
1165246
1165252
1165253
1165429
1165430
1165431
1165432
1165433
1165434
1165435
1165436
1165437
1165438
1165440
1165441
1165442
1165443
1165444
1165445
1165446
1165447
1165448
1165451
1165452
1165453
1165455
1165456
1165457
1165458
1165459
1165460
1165461
1165462
1165463
1165464
1165465
1165466
1165467
1165468
1165469
1165470
1165471
1165472
1165473
1165474
1165475
1165476
1165477
1166321
1166322
1166323
1166324
1166329
1166330
1166331
1166332
1166333
1166334
1170948
1170949
1170950
1170951
1170952
1170953
1170954
1170955
1170956
1170957
1170958
1170959
1170960
1170961
1170962
1170963
1170964
1170965
1170966
1170967
1170968
1170969
1170971
1170972
1170973
1170974
1170975
1170976
1170977
1174408
1174409
1174410
1174411
1175460
1175461
1175462
1175463
1175465
1175467
1175469
1175471
1175472
1175473
1175477
1175479
1175481
1175483
1175486
1175487
1175488
1175489
1178002
1178003
1178004
1178005
1178006
1178007
1178008
1178009
1178010
1178011
1178012
1178013
1178014
1178015
1178016
1178017
1178018
1178019
1178020
1178021
1178022
1178023
1178024
1178025
1178026
1178027
1178028
1178029
1178030
1178031
1178032
1178033
1178034
1178035
1178036
1178037
1178038
1178039
1178040
1178041
1178042
1178043
1178044
1178045
1178046
1178047
1178048
1178049
1178050
1178051
1178052
1178053
1178054
1178055
1178056
1178057
1178058
1178059
1178060
1185178
1185179
1185483
1185484
1185485
1185486
1185487
1185488
1185489
1185490
1185491
1185492
1185493
1185506
1185723
1185724
1185725
1185726
1185727
1186554
1186555
1186556
1186557
1186558
1186559
1186560
1186561
1186562
1186563
1186564
1186565
1186566
1186567
1186568
1186569
1186570
1186571
1186572
1186573
1186574
1186575
1186576
1186577
1187274
1187275
1187276
1187277
1190140
1190141
1190142
1190143
1190144
1190145
1190146
1190147
1190148
1190149
1190150
1190151
1190161
1190162
1202121
1202122
1202123
1202124
1202125
1202126
1206146
1206147
1206148
1206149
1206150
1206151
1206152
1206153
1206154
1206155
1206156
1206157
1206158
1206159
1206160
1206161
1206162
1206164
1206166
1206168
1206170
1206172
1206173
1206174
1206175
1206176
1206177
1206178
1206179
1206180
1206181
1206182
1206183
1206184
1206185
1206186
1206187
1206191
1206193
1206194
1206196
1206198
1206200
1206202
1206204
1206206
1206207
1235385
1235386
1235387
1235388
1235389
1235390
1235391
1235392
1235393
1235394
1235395
1235396
1235397
1235398
1235399
1235400
1235401
1235402
1235403
1235404
1235405
1235407
1242125
1242126
1242127
1242128
1242129
1242130
1242131
1242132
1242133
1242134
1242135
1242136
1242137
1242138
1242139
1242140
1242141
1242142
1242143
1242144
1242145
1242146
1242147
1242148
1242149
1242150
1242151
1242152
1242153
1244540
1244541
1244542
1244543
1244544
1244545
1244546
1244547
1244548
1244549
1244550
1244551
1244552
1244553
1244554
1244555
1244556
1244557
1244558
1244559
1244560
1244561
1244562
1244563
1244564
1244565
1247276
1247277
1247278
1247279
1247280
1247281
1247282
1247283
1247292
1247293
1247294
1247300
1247301
1252541
1252542
1252544
1252545
1252546
1252547
1252548
1252549
1252550
1252551
1252552
1252553
1252554
1252555
1252556
1252557
1252558
1252559
1252560
1252561
1252562
1252563
1252564
1252565
1252566
1252567
1252568
1252569
1252570
1252571
1252572
1252573
1252574
1252575
1258519
1259412
1261133
1261134
1261135
1261136
1261137
1261138
1261139
1263225
1263226
1265405
1265406
1265407
1265414
1265415
1265416
1265417
1265418
1265422
1265424
1265425
1265426
1265432
1265456
1265460
1265466
1265467
1267536
1267537
1267538
1267539
1267540
1267541
1267542
1267543
1267544
1267546
1273892
1273893
1273894
1273895
1273896
1273897
1273898
1273899
1276021
1276751
1276752
1276753
1276754
1276755
1277072
1277073
1277074
1277075
1277076
1277263
1277264
1277265
1277266
1277267
1277268
1277269
1277270
1277271
1277272
1277273
1277274
1277275
1277276
1277277
1277278
1277279
1277280
1277281
1277282
1277283
1277284
1277285
1277286
1277290
1277291
1277292
1277293
1277294
1277295
1277296
1277297
1279654
1279655
1284106
1287161
1287164
1287165
1287166
1292136
1292137
1292138
1292139
1292140
1292141
1292142
1292143
1292144
1292145
1292146
1292147
1292148
1292149
1292150
1292151
1292152
1292153
1292154
1292155
1292156
1292157
1292158
1292159
1292160
1292161
1296457
1296459
1296462
1296463
1296465
1296466
1296469
1300837
1300838
1300839
1300840
1300841
1300842
1300843
1300844
1300845
1300846
1300847
1300848
1300849
1300947
1300948
1300949
1300950
1300951
1303234
1303235
1303237
1303238
1303239
1303240
1303241
1303242
1303243
1303244
1303245
1303246
1303247
1303248
1303249
1303250
1303251
1303290
1303292
1306295
1306296
1306297
1306298
1306299
1306300
1306301
1306302
1306303
1306304
1306305
1306306
1306307
1306308
1306309
1306310
1306311
1306312
1306313
1306314
1308538
1308539
1308540
1308541
1308542
1308543
1308544
1308545
1308546
1308555
1308556
1308557
1308558
1308559
1308560
1308561
1308562
1308605
1308606
1308607
1308608
1308609
1308610
1308611
1308612
1308613
1310407
1310408
1310409
1310410
1310411
1310453
1310454
1310455
1310456
1310457
1310458
1310459
1310460
1310461
1310462
1310463
1310464
1310465
1310466
1310467
1310468
1310469
1310470
1310471
1310472
1310473
1310474
1310475
1310476
1310477
1310478
1310479
1310480
1310481
1310482
1310483
1310484
1310485
1310486
1310487
1310488
1310489
1310490
1310491
1310492
1310493
1310494
1310495
1310496
1310497
1310498
1310499
1310500
1310501
1310502
1310503
1310504
1310505
1310506
1310507
1310508
1310509
1322997
1322998
1322999
1323000
1323001
1323002
1323003
1323004
1323005
1323006
1323007
1323008
1323009
1323010
1323011
1323012
1323013
1323014
1323015
1323016
1323017
1323018
1323019
1323020
1323021
1323022
1323023
1323024
1323025
1323026
1323027
1323028
1323029
1323030
1323031
1323032
1323033
1323034
1323035
1323036
1323037
1323038
1323039
1323040
1323041
1323042
1323043
1323044
1323045
1323046
1323047
1323048
1323049
1323050
1323051
1323052
1323053
1323054
1323055
1323056
1323057
1323058
1323059
1323060
1323061
1323065
1326806
1326807
1326808
1326809
1326810
1326811
1326812
1326813
1326814
1326815
1326816
1326817
1326822
1326825
1326826
1326827
1326828
1326829
1329376
1329377
1329378
1329379
1329380
1329381
1329426
1335666
1335667
1335668
1335669
1335670
1335671
1335672
1335861
1335862
1335863
1335864
1336747
1336748
1336749
1336750
1336751
1336752
1336753
1336754
1336755
1336756
1336757
1336758
1336759
1336760
1336761
1336762
1336763
1336764
1336765
1336766
1336767
1336768
1336769
1336770
1336771
1336772
1336773
1336774
1336775
1336776
1336777
1336778
1336779
1336780
1336781
1339173
1339174
1339175
1339176
1339177
1339178
1339179
1339180
1339181
1339182
1339183
1339184
1339185
1339186
1339187
1339188
144480
144492
144493
144494
144495
144497
144498
144499
144500
144502
144503
144504
1465
215473
215474
220763
233953
234411
234412
234413
234414
234417
249842
249843
249844
249845
249846
249847
249848
249849
249850
249851
249852
249853
249983
251309
251310
251311
251312
251313
251314
267787
267788
267789
267790
267791
267792
267793
267794
267795
267796
267797
267798
267889
268356
268357
268358
268359
268847
268848
268849
268850
268851
268852
268853
268854
268855
268856
268857
268858
268859
268860
283384
283385
283386
283387
283388
283389
285943
285944
285945
285946
285947
285948
285949
285950
285951
285952
285953
285954
285955
285956
288485
288486
288487
288488
288489
288490
288491
294658
297626
297627
297628
297629
297630
297631
297632
297633
297634
297635
297636
297637
297638
297639
297640
297641
297642
297643
297644
300129
300130
300131
300132
300133
300134
300135
300136
300137
300138
300139
300140
300141
300142
300143
300144
300145
308798
308799
308800
308801
308802
308803
308804
308805
308806
308807
308808
308809
308810
308811
308812
308813
308814
308815
308816
308817
308818
308819
308820
308821
308822
321546
321547
321548
321744
321745
321746
321747
321748
321749
322883
322884
322885
322886
322887
322888
322889
322890
322891
322892
322893
322894
322895
322896
322897
322898
322899
322900
322901
322902
322903
322904
330887
330888
330889
330890
330891
330892
340561
340562
340563
340564
340565
340566
340567
340568
340569
340570
340571
340572
340573
340574
340575
340576
340577
340578
340579
340580
340581
340582
340583
340584
340585
340586
340587
340588
344463
344464
344465
344466
344467
346042
346043
346044
346045
346046
346047
346048
346049
346050
346051
346052
346053
346054
346055
346056
346057
346058
351657
351658
351659
351660
351661
351662
351663
351664
351665
351666
351667
351668
351669
351670
351671
351672
351673
351674
351675
351676
351859
351860
383659
383660
383661
383662
383663
383664
383665
383666
383667
383668
383669
383670
383718
383719
383720
383721
383722
383723
383724
383725
383726
383727
383728
383729
383730
383731
383732
383733
383734
383735
383736
383941
383942
383943
383944
383945
383946
383947
383948
383949
383950
383951
384214
384215
384216
384217
384218
384219
384220
384221
384222
384223
384224
384225
384226
384227
384228
384229
384230
384231
384232
384233
384234
384235
384236
384237
384238
384239
384240
395918
395919
395920
395921
395922
395923
395924
395925
395926
395927
395928
395929
396118
396119
396120
396121
396122
396123
396124
396125
396126
402061
402062
405704
405705
405706
405707
405708
405709
405710
405711
405712
405713
405714
405715
405716
405717
405718
405719
405720
405721
405722
405723
405724
405725
405726
405727
405728
405729
405730
405731
405732
405733
405734
405735
405736
405737
405738
405739
405740
405741
405742
405743
405744
405745
405746
405747
405748
405749
405750
405751
405752
405753
405754
405755
405756
405757
405758
407933
407934
407935
407936
407937
407938
407939
407940
407941
407942
407943
407944
407945
407946
407947
411096
411097
411098
411099
411100
411101
411102
411103
411104
411105
411106
411107
422945
422946
422947
422948
422949
427711
457548
457549
457550
457551
457552
457553
457554
457800
457801
457802
457803
457804
457805
457806
457807
457808
457809
457810
457811
457812
457813
457814
457815
457816
457817
457818
457819
457820
457821
457822
457823
457824
457825
457826
457827
457828
457829
457830
457831
457832
457833
457834
457835
457836
457837
457838
457839
457840
457841
457842
457843
457844
457845
457846
457847
457848
457849
457850
457851
457852
457853
457854
457855
457856
457857
457858
457859
457860
457861
457862
457863
457864
457865
458856
458857
458858
458859
458860
465211
465212
465213
465214
468142
468143
468144
468145
468146
468147
468148
468149
468150
468151
468216
468217
468218
468219
468220
468221
468222
468223
468224
468225
468226
468227
468228
468229
468230
468231
468232
468233
468234
468235
468459
468784
468785
468786
468787
468788
468789
468790
468791
468792
468793
468794
468795
468796
468797
468798
468799
468800
468801
468802
468803
468804
478214
478215
478216
478217
478218
478219
478220
478221
478222
486652
486653
486654
486655
486656
486657
486658
486659
486660
486661
486662
486663
486664
486665
486666
486667
486668
486669
486670
486835
486836
486837
486838
486839
486840
486841
486842
486843
486844
486845
486846
486847
486848
486849
486850
486851
486852
486853
486854
486855
486856
486857
486858
486859
486860
486861
486862
486863
486864
486865
486866
486867
487346
491597
491598
491599
491600
491601
491602
491603
491604
491605
491606
491607
491608
491609
491610
491807
491808
491809
491810
491811
491812
491813
491814
491815
491816
491817
491818
491819
491820
491821
491822
491823
491824
497349
497350
497351
497352
497353
497354
497355
497356
497357
497358
497359
497360
497361
500468
500469
500470
500471
500472
500473
500474
500475
500476
500477
500478
500479
500480
500481
500482
500483
500484
500485
500486
500487
500488
500489
500490
500491
500492
500493
500494
500495
500496
500498
500499
500500
500501
500502
500503
500504
500505
500506
500507
500508
500509
500510
500511
500512
500513
500514
500515
500715
502264
502265
502266
502267
503292
503293
503294
503295
503296
503297
503298
503299
503300
503301
503302
503303
503304
503305
503306
503307
503308
503309
503310
503311
503312
503313
503314
503315
503316
503317
503318
503319
503320
503321
503322
503323
503324
503325
503326
503327
503328
503329
503330
503331
503332
503333
503334
503335
503336
503337
503338
503339
503340
503341
504801
513916
513917
513918
513919
513920
513921
513922
513923
513924
513925
513926
513927
513928
513929
513930
513931
513932
513933
513934
513935
513936
513937
521046
521047
521048
521049
521050
521051
521052
521053
521054
521055
521056
521057
521058
521059
521060
521061
521062
521063
521064
526310
526311
526312
526313
526314
526315
526316
526317
526318
526319
527880
527881
527882
527883
527884
527885
527886
527887
527888
527889
527890
527891
527892
527893
527894
527895
527896
527897
527898
527899
527900
527901
527902
527903
527904
527905
527906
527907
527908
527909
527910
528361
528362
528363
528364
528365
528366
528367
528368
528369
528370
528371
528372
528373
528374
528375
528376
528377
528378
528379
528380
528381
528382
528383
528384
528385
540299
54285
549145
549146
549147
549148
549149
549150
549151
549152
549153
549154
549155
549156
549157
549158
549159
549160
549161
549162
549163
549164
549165
549166
549167
549168
549169
549170
549171
549172
549173
549174
549175
549176
549177
549178
549179
549180
549181
549182
549183
549184
549185
549186
549187
549188
549189
549190
549191
568635
568636
568637
568638
568639
568640
568641
568642
568643
568644
568645
568646
568647
568648
576507
576508
576509
576510
576511
584603
584604
584605
584606
584607
584608
584609
584610
584611
584612
584613
584614
584615
584616
584617
584618
584619
584620
584621
584622
584623
584624
584625
584626
584627
584628
584629
584630
584631
584632
584633
584634
584635
584636
584637
584638
584639
584640
584641
584801
584802
584803
584804
584805
584806
584807
584808
584809
584810
584811
584812
584813
584814
584815
584816
584817
584818
584819
600310
600311
600312
600313
600314
600315
600316
600317
600318
600319
600320
600321
600322
600323
600324
608117
608118
608119
608120
608121
608122
608123
608124
608125
608126
608127
608128
608129
608130
608131
608132
608181
608182
608183
608184
608185
608186
608187
608188
608189
608190
608191
608192
608193
608194
608195
608196
608197
608198
608199
608200
608201
614461
614462
614463
614464
614465
614466
617166
617167
617168
617169
617170
617171
617172
617173
617174
617175
617176
617177
617178
617179
617180
617181
617182
617183
617184
617185
617186
617249
624062
624068
627147
627148
627149
627150
627151
627152
627153
627154
627155
627156
627157
627158
627159
627216
627217
627218
627219
627220
627221
627222
627223
627224
627225
627226
627227
627228
627229
627230
627231
627232
627233
627234
627235
627236
627237
627238
627239
627240
627241
627294
627295
627296
627297
627298
627299
627300
627301
627302
627303
627304
627305
627306
627307
627308
627309
627310
627311
635948
635949
635950
635951
635952
635953
635954
635955
635956
635957
635958
635959
635960
635961
635962
635963
635964
635965
635966
635967
636042
636043
636044
636045
636046
636047
636048
636049
636050
636051
636052
636053
636054
636055
636057
647313
647314
647315
647316
647317
647318
647319
647320
651754
651755
651810
651811
656945
656946
656947
656948
656949
656950
663105
663106
663107
663108
663109
663110
663111
663112
679133
679134
690555
690556
690557
690558
690559
690561
690562
690563
690564
690566
690567
690568
701558
701559
701560
701561
701562
701563
701564
701565
701745
701746
701747
701748
701749
701750
701751
701752
701753
701754
701755
701756
701757
701758
701759
701760
701761
701762
701763
701764
701765
701766
701767
701768
701769
701770
701771
701772
701773
701774
701775
701776
701777
701778
701779
701780
701781
701783
701784
701785
701786
701787
701788
701789
701790
701791
701793
703747
703748
703749
703750
703751
703752
703753
703754
703755
703756
703757
703758
703759
713370
713371
713373
713375
713378
713379
713382
713383
720634
720635
720637
726451
726454
726455
726456
726457
726460
726461
726465
726466
726467
727884
733271
733272
733273
733275
733276
733277
733278
733279
733280
733281
733282
733284
733285
733286
733287
733289
733290
733291
733292
733294
733295
733296
733297
733299
733300
733301
733302
733303
733304
733305
733306
733307
733308
733310
733311
733312
733313
733314
733316
733317
733740
733741
733742
733743
733744
733745
734033
734034
734035
734036
734037
734047
734048
734049
738398
738399
738400
738401
738402
738403
738404
738405
738406
738407
738408
738409
738410
738411
738412
738672
738673
744654
744655
744656
744657
744658
744659
744660
744661
744662
744663
744664
744665
744666
744667
744668
744669
745778
745779
745780
745781
745782
745783
745784
745785
745786
745787
745788
745789
745790
745791
745792
745793
745794
745795
745796
745797
745798
745799
745800
745801
745802
745803
745804
745805
747200
747201
747202
747203
747204
747205
747206
747207
747208
747209
747210
747211
747212
747213
747214
747215
747216
747217
747218
747219
747220
747221
747222
747223
747224
747225
747226
747227
747228
747229
747230
747231
747232
747233
747234
747235
747236
747237
747238
754324
754325
754326
754327
754328
754329
754330
754331
754332
754333
754334
754335
754336
754337
754338
754339
754340
754341
754342
754344
754347
754348
754349
754350
754351
754353
756744
769557
769558
769559
769560
769562
769563
769564
769566
769567
769568
769569
769570
769571
769572
769573
769575
769577
769578
769579
769581
769582
769583
769584
769585
769586
769587
769589
769590
769591
769592
769593
769594
769595
769596
769597
769598
769599
769600
769601
769602
769605
769606
769607
769608
769609
769610
769611
769612
769613
774790
774791
774792
774807
774808
774809
774810
774892
774893
775939
775940
775941
775942
775943
775944
776384
776385
776386
776387
777314
777315
777318
777319
777320
777321
777323
777324
777325
777326
